0	0
0	101
0	102
0	103
0	104
0	105
0	106
0	107
0	110
0	111
0	112
0	113
0	114
2	31
2	35
2	36
2	41
2	42
2	45
2	60
2	69
2	70
2	75
2	89
2	91
2	93
2	94
2	99
2	100
2	107
2	109
2	110
2	114
2	122
2	126
2	130
2	136
2	137
2	138
2	141
2	145
2	146
2	148
2	150
2	156
2	157
2	158
2	159
2	161
2	162
2	163
2	164
2	165
2	166
2	167
2	168
2	169
2	172
2	174
2	175
2	176
2	207
2	233
2	253
2	257
2	260
2	265
2	270
2	271
2	272
2	278
2	285
2	286
2	287
2	288
2	289
2	290
2	291
2	292
2	293
2	294
2	295
2	296
2	297
2	298
2	299
2	300
2	301
2	302
2	303
2	304
2	305
2	306
2	307
2	308
2	309
2	310
2	311
2	312
2	313
2	314
2	315
2	317
2	318
2	319
2	320
2	321
2	322
2	323
2	324
2	325
2	326
2	327
2	328
2	329
2	330
2	331
2	332
2	334
2	335
2	336
2	337
2	343
2	349
2	350
2	355
2	357
2	362
2	366
2	368
2	369
2	371
2	372
2	374
2	376
2	378
2	379
2	381
2	384
2	385
2	393
2	394
2	395
2	396
2	397
2	398
2	399
2	400
2	401
2	402
2	403
2	404
2	405
2	406
2	407
2	408
2	409
2	410
2	411
2	415
2	418
2	421
2	423
2	424
3	11
3	17
3	23
3	31
3	39
3	40
3	43
3	50
3	51
3	61
3	62
3	64
3	70
3	82
3	86
3	87
3	89
3	92
3	94
3	95
3	96
3	101
3	102
3	103
3	104
3	111
3	141
3	175
3	176
3	177
3	178
3	179
3	180
3	181
3	183
3	186
3	196
3	198
3	209
3	220
3	273
3	306
3	311
3	392
3	406
3	411
3	421
3	428
3	455
3	464
3	465
3	527
3	528
3	539
3	540
3	541
3	542
3	543
3	544
3	545
3	547
3	548
3	549
3	550
3	551
3	552
3	554
3	555
3	556
3	560
3	568
3	569
3	570
3	571
3	573
3	576
3	578
3	584
3	587
3	601
3	604
3	605
3	607
3	608
3	609
3	612
3	613
3	639
3	643
3	644
3	656
3	657
3	658
3	659
3	661
3	662
3	663
3	665
3	666
3	667
3	668
3	669
3	670
3	671
3	672
3	673
3	674
3	675
3	676
3	678
3	681
3	682
3	683
3	685
3	686
3	687
3	690
3	691
3	692
3	693
3	702
3	704
3	706
3	713
3	714
3	718
3	728
3	730
3	741
3	742
5	0
5	1
5	2
5	3
5	4
5	5
5	6
5	7
5	8
5	9
5	10
5	11
5	12
5	13
5	14
5	15
5	16
5	17
5	18
5	19
5	20
5	21
5	22
5	23
5	24
5	25
5	26
5	27
5	28
5	29
5	30
5	31
5	32
5	33
5	34
5	35
5	36
5	37
5	38
5	39
5	40
5	41
5	42
5	43
5	44
5	45
5	46
5	47
5	48
5	49
5	50
5	51
5	52
5	53
5	54
5	55
5	56
5	57
5	58
5	59
5	60
7	0
7	1
7	2
7	3
7	4
7	5
7	6
7	7
7	8
7	9
7	10
7	11
7	12
7	13
7	14
7	15
7	16
7	17
7	18
7	19
7	20
7	21
7	22
7	23
7	24
7	25
7	26
7	27
7	28
7	29
7	30
7	31
7	32
7	33
7	34
7	35
7	36
7	37
7	38
7	39
7	40
7	41
7	42
7	43
7	44
7	45
7	46
7	47
7	48
7	49
7	50
7	51
7	52
10	0
10	1
10	2
10	3
10	4
10	5
10	6
10	7
10	8
10	9
10	10
10	11
10	12
10	13
10	14
10	15
10	16
10	17
10	18
10	19
10	20
10	21
10	22
10	23
10	24
10	25
10	26
10	27
10	28
10	29
10	30
10	31
10	32
10	33
10	34
10	35
10	36
10	37
10	38
10	39
10	40
10	41
10	42
10	43
10	44
10	45
10	46
10	47
10	48
10	49
10	50
10	51
10	52
10	53
10	54
10	55
10	56
10	57
10	58
10	59
10	60
10	61
10	62
10	63
10	64
10	65
10	66
10	67
10	68
10	69
10	70
10	71
10	72
10	73
10	74
10	75
10	76
10	77
10	78
10	79
10	80
10	81
10	82
10	83
10	84
10	85
10	86
10	87
10	88
10	89
10	90
10	91
10	92
10	93
10	94
10	95
10	96
10	97
10	98
10	99
10	100
10	101
10	102
10	103
10	104
10	105
10	106
10	107
10	108
10	109
10	110
10	111
10	112
10	113
10	114
10	115
10	116
10	117
10	118
10	119
10	120
10	121
10	122
10	123
10	124
10	125
10	126
10	127
10	128
10	129
10	130
10	131
10	132
10	133
10	134
10	135
10	136
10	137
10	138
10	139
10	140
10	141
10	142
10	143
10	144
10	145
10	146
10	147
10	148
10	149
10	150
10	151
10	152
10	153
10	154
10	155
10	156
10	157
10	158
10	159
10	160
10	161
10	162
10	163
10	164
10	165
10	166
10	167
10	168
10	169
10	170
10	171
10	172
10	173
10	174
10	175
10	176
10	177
10	178
10	179
10	180
10	181
10	182
10	183
10	184
10	185
10	186
10	187
10	188
10	189
10	190
10	191
10	192
10	193
10	194
10	195
10	196
10	197
10	198
10	199
10	200
10	201
10	202
10	203
10	204
10	205
10	206
10	207
10	208
10	209
10	210
10	211
10	212
10	213
10	214
10	215
10	216
10	217
10	218
10	219
10	220
10	221
10	222
10	223
10	224
10	225
10	226
10	227
10	228
10	229
10	230
10	231
10	232
10	233
10	234
10	235
10	236
10	237
10	238
10	239
10	240
10	241
10	242
10	243
10	244
10	245
10	246
10	247
10	248
10	249
10	250
10	251
10	252
10	253
10	254
10	255
10	256
10	257
10	258
10	259
10	260
10	261
10	262
10	263
10	264
10	265
10	266
10	267
10	268
10	269
10	270
10	271
10	272
10	273
10	274
10	275
10	276
10	277
10	278
10	279
10	280
10	281
10	282
10	283
10	284
10	285
10	286
10	287
10	288
10	289
10	290
10	291
10	292
10	293
10	294
10	295
10	296
10	297
10	298
10	299
10	300
10	301
10	302
10	303
10	304
10	305
10	306
10	307
10	308
10	309
10	310
10	311
10	312
10	313
10	314
10	315
10	316
10	317
10	318
10	319
10	320
10	321
10	322
10	323
10	324
10	325
10	326
10	327
10	328
10	329
10	330
10	331
10	332
10	333
10	334
10	335
10	336
10	337
10	338
10	339
10	340
10	341
10	342
10	343
10	344
10	345
10	346
10	347
10	348
10	349
10	350
10	351
10	352
10	353
10	354
10	355
10	356
10	357
10	358
10	359
10	360
10	361
10	362
10	363
10	364
10	365
10	366
10	367
10	368
10	369
10	370
10	371
10	372
10	373
10	374
10	375
12	0
12	1
12	2
12	3
12	4
13	0
13	213
13	214
13	215
13	216
13	217
13	218
13	219
13	220
13	222
13	223
13	224
13	225
13	226
13	227
13	228
13	231
13	235
13	240
13	241
13	242
13	243
13	244
13	245
13	246
13	247
13	248
13	305
13	309
13	311
13	312
13	313
13	314
13	330
13	331
13	332
13	333
13	334
13	335
13	336
13	340
13	341
13	342
13	462
13	463
13	464
13	481
13	492
13	498
13	517
13	519
13	520
13	521
13	535
13	544
13	545
13	547
13	557
13	558
13	564
13	566
13	576
13	578
13	580
13	589
13	612
13	633
13	800
13	801
13	802
13	803
13	805
13	806
13	807
13	808
13	809
13	810
13	811
13	812
13	813
13	814
13	815
13	816
13	817
13	818
13	819
13	820
13	821
13	822
13	823
13	824
13	828
13	829
13	830
13	832
13	833
13	834
13	835
13	837
13	838
13	839
13	840
13	841
13	843
13	845
13	851
13	852
13	853
13	854
13	855
13	860
13	861
13	870
13	873
13	878
13	879
13	886
13	918
13	920
13	921
14	0
14	1
14	2
14	3
14	4
14	5
14	6
14	7
14	8
14	9
14	10
14	11
14	12
14	13
14	14
14	15
14	16
14	17
14	18
14	19
14	20
14	21
14	22
14	23
14	24
14	25
14	26
14	27
14	28
14	39
14	40
14	41
14	42
14	43
14	44
14	45
14	46
14	47
14	48
14	49
14	50
14	51
14	52
14	53
14	54
14	55
14	56
14	57
14	58
14	59
14	60
14	61
14	62
14	63
14	64
14	65
14	66
14	67
14	68
14	69
14	70
14	71
14	72
14	73
14	74
14	75
14	76
14	77
14	78
14	79
14	80
14	81
14	82
14	83
14	84
14	85
14	86
14	87
14	88
14	89
14	90
14	91
14	92
14	93
14	94
14	95
14	96
14	97
14	98
14	99
14	100
14	101
14	102
14	103
14	104
14	105
14	106
14	107
14	108
14	109
14	110
14	111
14	112
14	113
14	114
14	115
14	116
14	117
14	118
14	119
14	120
14	121
14	122
14	123
14	124
14	125
14	126
14	127
14	128
14	129
14	130
14	131
14	132
14	133
14	134
14	135
14	136
14	137
14	138
14	139
14	140
14	141
14	142
14	143
14	144
14	145
14	146
14	147
14	148
14	149
14	150
14	151
14	152
14	153
14	154
14	155
14	156
14	157
14	158
14	159
14	160
14	161
14	162
14	163
14	164
14	165
14	166
14	167
14	168
14	169
14	170
14	171
14	172
14	173
14	174
14	175
14	176
14	177
14	178
14	179
14	180
14	181
14	182
14	183
14	184
14	185
14	186
14	187
14	188
14	189
14	190
14	191
14	192
14	193
14	194
14	195
14	196
14	197
14	198
14	199
14	200
14	201
14	202
14	203
14	204
14	205
14	206
14	207
14	208
14	209
14	210
14	211
14	212
14	213
14	214
14	215
14	216
14	217
14	218
14	219
14	220
14	221
14	222
14	223
14	224
14	225
14	14000000
14	14000001
14	14000002
14	14000003
16	1
16	2
16	4
16	6
16	7
16	8
16	9
16	10
16	11
16	12
16	13
16	14
16	15
16	16
16	17
16	19
16	20
16	21
16	22
16	23
16	24
16	25
16	26
16	27
16	28
16	29
16	30
16	32
16	33
16	34
16	35
16	37
16	63
16	64
16	65
16	66
16	67
16	68
16	69
16	70
16	71
16	72
16	73
16	74
16	75
16	76
16	77
16	78
16	79
16	80
16	81
16	82
16	85
16	87
16	88
16	89
16	90
16	91
16	92
16	93
16	94
16	95
16	96
16	97
16	99
16	100
16	101
16	102
16	104
16	105
16	106
16	107
16	108
16	109
16	111
16	112
16	113
16	114
16	115
16	116
16	117
16	118
16	119
16	120
16	121
16	122
16	123
16	124
16	125
16	126
16	127
16	128
16	129
16	130
16	131
16	132
16	133
16	134
16	135
16	136
16	138
16	139
16	140
16	141
16	142
16	143
16	144
16	146
16	147
16	148
16	149
16	150
16	151
16	152
16	153
16	154
16	155
16	156
16	157
16	158
16	159
16	160
16	161
16	162
16	163
16	164
16	165
16	166
16	168
16	170
16	171
16	172
16	174
16	176
16	178
16	179
16	180
16	182
16	183
16	184
16	185
16	186
16	187
16	188
16	189
16	190
16	191
16	193
16	195
16	196
16	197
16	198
16	199
16	200
16	201
16	202
16	204
16	205
16	206
16	207
16	208
16	209
16	211
16	213
16	214
16	215
16	216
16	217
16	219
16	221
16	222
16	223
16	224
16	225
16	226
16	227
16	228
16	229
16	230
16	231
16	232
16	233
16	234
16	235
16	236
16	237
16	238
16	239
16	240
16	241
16	242
16	243
16	244
16	245
16	246
16	247
16	248
16	250
16	254
16	255
16	256
16	257
16	258
16	261
16	262
16	265
16	266
16	267
16	268
16	269
16	270
16	271
16	272
16	273
16	274
16	275
16	276
16	277
16	278
16	280
16	281
16	282
16	283
16	284
16	285
16	286
16	287
16	288
16	289
16	290
16	291
16	292
16	293
16	296
16	297
16	298
16	299
16	300
16	301
16	302
16	304
16	307
16	308
16	309
16	311
16	313
16	314
16	316
16	317
16	318
16	319
16	323
16	324
16	325
16	326
16	327
16	328
16	16010001
16	16010002
16	16020003
16	16030001
16	16040002
16	16040003
16	16040004
16	16050001
16	16050002
17	0
19	13
20	8
20	23
20	26
20	31
20	32
20	36
20	41
20	49
20	52
20	100
20	103
20	104
20	105
20	106
20	126
20	143
20	144
20	145
20	146
20	147
20	148
20	149
20	150
20	151
20	170
20	236
20	237
20	245
20	260
20	270
20	271
20	272
20	273
20	274
20	276
20	278
20	279
20	280
20	290
20	291
20	293
20	294
20	295
20	296
20	297
20	298
20	299
20	300
20	301
20	302
20	303
20	304
20	305
20	306
20	307
20	308
20	309
20	310
20	311
22	1
22	2
22	3
22	4
22	5
22	6
22	7
22	8
22	9
22	10
22	12
22	13
22	14
22	15
22	16
22	17
22	18
22	19
22	20
22	21
22	22
22	23
22	24
22	25
22	26
22	29
22	31
22	33
22	34
22	35
22	38
22	39
22	41
22	42
22	43
22	44
22	45
22	46
22	47
22	48
22	49
22	52
22	53
22	54
22	55
22	56
22	57
22	59
22	60
22	62
22	63
22	64
22	65
22	66
22	67
22	68
22	69
22	70
22	71
22	72
22	74
22	75
22	78
22	79
22	81
22	84
22	85
22	86
22	88
22	89
22	91
22	93
22	95
22	96
22	97
22	98
22	99
22	100
22	102
22	103
22	104
22	105
22	107
22	108
22	109
22	110
22	111
22	112
22	114
22	115
22	116
22	118
22	119
22	120
22	121
22	122
22	123
22	124
22	125
22	127
22	129
22	130
22	132
22	133
22	134
22	135
22	137
22	138
22	139
22	140
22	141
22	145
22	146
22	147
22	149
22	150
22	151
22	152
22	154
22	156
22	157
22	158
22	161
22	166
22	167
22	169
22	171
22	172
22	176
22	177
22	179
22	181
22	183
22	193
22	195
22	200
22	201
22	202
22	205
22	209
22	210
22	211
22	213
22	219
22	222
22	226
22	229
22	230
22	232
22	234
22	244
22	248
22	250
22	252
22	253
22	254
22	262
22	265
22	266
22	267
22	268
22	272
22	274
22	275
22	276
22	280
22	281
22	284
22	286
22	292
22	307
22	310
22	315
22	316
22	317
22	319
22	320
22	327
22	328
22	338
22	339
22	340
22	343
22	345
22	346
22	347
22	348
22	350
22	351
22	354
22	355
22	356
22	358
22	359
22	360
22	361
22	362
22	363
22	364
22	365
22	366
22	367
22	368
22	369
22	370
22	371
22	372
22	373
22	374
22	375
22	376
22	377
22	378
22	379
22	380
22	381
22	382
22	384
22	385
22	386
22	387
22	388
22	389
22	390
22	391
22	392
22	393
22	394
22	395
22	396
22	397
22	398
22	399
22	400
22	401
22	402
22	403
22	404
22	405
22	406
22	407
22	408
22	409
22	410
22	411
22	412
22	413
22	414
22	415
22	416
22	417
22	418
22	419
22	420
22	421
22	422
22	423
22	424
22	425
22	426
22	427
22	428
22	429
22	430
22	431
22	432
22	433
22	434
22	435
22	436
22	437
22	438
22	439
22	440
22	441
22	442
22	443
22	444
22	445
22	446
22	447
22	448
22	449
22	450
22	451
22	452
22	453
22	454
22	455
22	456
22	457
22	458
22	459
22	460
22	461
22	462
22	463
22	464
22	465
22	466
22	467
22	468
22	469
22	470
22	471
22	472
22	473
22	474
22	475
22	476
22	477
22	478
22	479
22	480
22	481
22	482
22	483
22	484
22	485
22	486
22	487
22	488
22	489
22	490
22	491
22	492
22	494
22	497
22	498
22	499
22	505
22	506
22	507
22	508
22	509
22	510
22	511
22	512
22	513
22	514
22	515
22	516
22	517
22	518
22	519
22	520
22	521
22	522
22	523
22	524
22	525
22	526
22	527
22	528
22	529
22	530
22	531
22	532
22	533
22	534
22	535
22	536
22	537
22	538
22	539
22	541
22	542
22	543
22	544
22	545
22	546
22	547
22	548
22	549
22	550
22	551
22	552
22	553
22	554
22	555
22	556
22	557
22	558
22	559
22	560
28	0
28	1
28	2
28	3
28	4
28	5
28	6
28	7
28	8
28	9
28	10
28	11
29	0
29	1
29	2
29	3
29	4
29	5
29	6
29	7
29	8
29	9
29	10
29	11
29	12
29	13
29	14
29	15
29	16
29	17
29	18
29	19
29	20
29	21
29	22
29	23
29	24
29	25
29	26
29	27
29	28
29	29
29	30
29	31
29	32
29	33
29	34
29	35
29	36
29	37
29	38
29	39
29	40
29	41
29	42
29	43
29	44
29	45
29	46
29	47
29	48
29	49
29	50
29	51
29	52
29	53
29	54
29	55
29	56
29	57
29	58
29	59
29	60
29	61
29	62
29	63
29	64
29	65
29	66
29	67
29	68
29	69
29	70
29	71
29	72
29	73
29	74
29	75
29	76
29	77
29	78
29	79
29	80
29	81
29	82
29	83
29	84
29	85
29	86
29	87
29	88
29	89
29	90
29	91
29	92
29	93
29	94
29	95
29	96
29	97
29	98
29	99
29	100
29	101
29	102
29	103
29	104
29	105
29	106
29	107
29	108
29	109
29	110
29	111
29	112
29	113
29	114
29	115
29	116
29	117
29	118
29	119
29	120
29	121
29	122
29	123
29	124
29	125
29	126
29	127
29	128
29	129
29	130
29	131
29	132
29	133
29	134
29	135
29	136
29	137
29	138
29	139
29	140
29	141
29	142
29	143
29	144
29	145
29	146
29	147
29	148
29	149
29	150
29	151
29	152
29	153
29	154
29	155
29	156
29	157
29	158
29	159
29	160
29	161
29	162
29	163
29	164
29	165
29	166
29	167
29	168
29	169
29	170
29	171
29	172
29	173
29	174
29	175
29	176
29	177
29	178
29	179
29	180
29	181
29	182
29	183
29	184
29	185
29	186
29	187
29	188
29	189
29	190
29	191
29	192
29	193
29	194
29	195
29	196
29	197
29	198
29	199
29	200
29	201
29	202
29	203
29	204
29	205
29	206
29	207
29	208
29	209
29	210
29	211
29	212
29	213
29	214
29	215
29	216
29	217
29	218
29	219
29	220
29	221
29	222
29	223
29	224
29	225
29	226
29	227
29	228
29	229
29	230
29	231
29	232
29	233
29	234
29	235
29	236
29	237
29	238
29	239
29	240
29	241
29	242
29	243
29	244
29	245
29	246
29	247
29	248
29	249
29	250
29	251
29	252
29	253
29	254
29	255
29	256
29	257
29	258
29	259
29	260
29	261
29	262
29	263
29	264
29	265
29	266
29	267
29	268
29	269
29	270
29	271
29	272
29	273
29	274
29	275
29	276
29	277
29	278
29	279
29	280
29	281
29	282
29	283
29	284
29	285
29	286
29	287
29	288
29	289
29	290
29	291
29	292
29	293
29	294
29	295
29	296
29	297
29	298
29	299
29	300
29	301
29	302
29	303
29	304
29	305
29	306
29	307
29	308
29	309
29	310
29	311
29	312
29	313
29	314
29	315
29	316
29	317
29	318
29	319
29	320
29	321
29	322
29	323
29	324
29	325
29	326
29	327
29	328
29	329
29	330
29	331
29	332
29	333
29	334
29	335
29	336
29	337
29	338
29	339
29	340
29	341
29	342
29	343
29	344
29	345
29	346
29	347
29	348
29	349
29	350
29	351
29	352
29	353
29	354
29	355
29	356
29	357
29	358
29	359
29	360
29	361
29	362
29	363
29	364
29	365
29	366
29	367
29	368
29	369
29	370
29	371
29	372
29	373
29	374
29	375
29	376
29	377
29	378
29	379
29	380
29	381
29	382
29	383
29	384
29	385
29	386
29	387
29	388
29	389
29	390
29	391
29	392
29	393
29	394
29	395
29	396
29	397
29	398
29	399
29	400
29	401
29	402
29	403
29	404
29	405
29	406
29	407
29	408
29	409
29	410
29	411
29	412
29	413
29	414
29	415
29	416
29	417
29	418
29	419
29	420
29	421
29	422
29	423
29	424
29	425
29	426
29	427
29	428
29	429
29	430
29	431
29	432
29	433
29	434
29	435
29	436
29	437
29	438
29	439
29	440
29	441
29	442
29	443
29	444
29	445
29	446
29	447
29	448
29	449
29	450
29	451
29	452
29	453
29	454
29	455
29	456
29	457
29	458
29	459
29	460
29	461
29	462
29	463
29	464
29	465
29	466
29	467
29	468
29	469
29	470
29	471
29	472
29	473
29	474
29	475
29	476
29	477
29	478
29	479
29	480
29	481
29	482
29	483
29	484
29	485
29	486
29	487
29	488
29	489
29	490
29	491
29	492
29	493
29	494
29	495
29	496
29	497
29	498
29	499
29	500
29	501
29	502
29	503
29	504
29	505
29	506
29	507
29	508
29	509
29	510
29	511
29	512
29	513
29	514
29	515
29	516
29	517
29	518
29	519
29	520
29	521
29	522
29	523
29	524
29	525
29	526
29	527
29	528
29	529
29	530
29	531
29	532
29	533
29	534
29	535
29	536
29	537
29	538
29	539
29	540
29	541
29	542
29	543
29	544
29	545
29	546
29	547
29	548
29	549
29	550
29	551
29	552
29	553
29	554
29	555
29	556
29	557
29	558
29	559
29	560
29	561
29	562
29	563
29	564
29	565
29	566
29	567
29	568
29	569
29	570
29	571
29	572
29	573
29	574
29	575
29	576
29	577
29	578
29	579
29	580
29	581
29	582
29	583
29	584
29	585
29	586
29	587
29	588
29	589
29	590
29	591
29	592
29	593
29	594
29	595
29	596
29	597
29	598
29	599
29	600
29	601
29	602
29	603
29	604
29	605
29	606
29	607
29	608
29	609
29	610
29	611
29	612
29	613
29	614
29	615
29	616
29	617
29	618
29	619
29	620
29	621
29	622
29	623
29	624
29	625
29	626
33	0
33	1
33	2
33	3
33	4
35	4
35	12
35	17
35	19
35	43
35	77
35	78
35	81
35	109
35	111
35	116
35	209
38	201
38	203
38	206
38	221
38	222
38	223
38	224
38	301
38	302
38	303
38	304
38	305
38	405
38	540
38	701
38	711
38	712
38	713
38	714
38	715
38	716
38	719
38	721
38	758
38	759
38	760
38	761
38	789
38	804
38	813
38	814
38	815
38	816
38	817
38	818
38	819
38	820
38	822
38	823
38	824
38	827
38	828
1009	1
1009	2
1009	3
1009	4
1009	5
1009	6
1009	7
1009	8
1009	9
1009	10
1009	11
1009	12
1009	13
1009	14
1009	15
1009	16
1009	17
1009	18
1009	19
1009	20
1009	21
1009	22
1009	23
1009	24
1009	25
1009	26
1009	27
1010	1
1010	2
1010	3
1010	5
1010	6
1010	7
1010	8
1010	10
1010	12
1010	13
1010	14
1010	18
1010	36
1010	125
1012	1
1012	2
1012	3
1012	4
1012	5
1012	6
1012	7
1012	8
1012	9
1012	10
1012	11
1012	12
1012	13
1012	14
1012	15
1012	16
1012	17
1012	18
1012	19
1012	20
1012	21
1012	22
1012	23
1012	24
1012	25
1012	26
1012	27
1012	28
1012	29
1012	30
1012	31
1012	32
1012	33
1012	34
1012	35
1012	36
1012	37
1012	38
1012	39
1012	40
1012	41
1012	42
1012	43
1012	44
1012	45
1012	46
1012	47
1012	48
1012	49
1012	50
1012	51
1012	52
1012	53
1012	54
1012	55
1012	56
1012	57
1012	58
1012	59
1012	60
1012	61
1012	62
1012	63
1012	64
1012	65
1012	66
1012	67
1012	68
1012	69
1012	70
1012	71
1012	72
1012	73
1012	74
1012	75
1012	76
1012	77
1012	78
1012	79
1012	80
1012	81
1012	82
1012	83
1012	84
1012	85
1012	86
1012	87
1012	88
1012	89
1012	90
1012	91
1012	92
1012	93
1012	94
1012	95
1012	96
1012	97
1012	98
1012	99
1012	100
1012	101
1012	102
1012	103
1012	104
1012	105
1012	106
1012	107
1012	108
1012	109
1012	110
1012	111
1012	112
1012	113
1012	114
1012	115
1012	116
1012	117
1012	118
1012	119
1012	120
1012	121
1012	122
1012	123
1012	124
1012	125
1012	126
1012	127
1012	128
1012	129
1012	130
1012	131
1012	132
1012	133
1012	134
1012	135
1012	136
1012	137
1012	138
1012	139
1012	140
1012	141
1012	142
1012	143
1012	144
1012	145
1012	146
1012	147
1012	148
1012	149
1012	150
1012	151
1012	152
1012	153
1012	154
1012	155
1012	156
1012	157
1012	158
1012	159
1012	160
1012	161
1012	162
1012	163
1012	164
1012	165
1012	166
1012	167
1016	1
1016	2
1016	3
1016	4
1016	5
1016	6
1016	7
1016	8
1016	9
1016	10
1016	11
1016	12
1016	13
1016	14
1016	15
1016	16
1016	17
1016	18
1016	19
1016	20
1016	21
1016	22
1016	23
1016	24
1016	25
1016	26
1016	27
1016	28
1016	29
1016	30
1016	31
1016	32
1016	33
1016	34
1016	35
1016	36
1016	37
1016	38
1016	39
1016	40
1016	41
1016	42
1016	43
1016	44
1016	45
1016	46
1016	47
1016	48
1016	49
1016	50
1016	51
1016	52
1016	53
1016	54
1016	55
1016	56
1016	57
1016	58
1016	59
1016	60
1016	61
1016	62
1016	63
1016	64
1016	65
1016	66
1016	67
1016	68
1016	69
1016	70
1016	71
1016	72
1016	73
1016	74
1016	75
1016	76
1016	77
1016	78
1016	79
1016	80
1016	81
1016	82
1016	83
1016	84
1016	85
1016	86
1016	87
1016	88
1016	89
1016	90
1016	91
1016	92
1016	93
1016	94
1016	95
1016	96
1016	97
1016	98
1016	99
1016	100
1016	101
1016	102
1016	103
1016	104
1016	105
1016	106
1016	107
1016	108
1016	109
1016	110
1016	111
1016	112
1016	113
1016	114
1016	115
1016	116
1016	117
1016	118
1016	119
1016	120
1016	121
1016	122
1016	123
1016	124
1016	125
1016	126
1016	127
1016	128
1016	129
1016	130
1016	131
1016	132
1016	133
1016	134
1016	135
1016	136
1016	137
1016	138
1016	139
1016	140
1016	141
1016	142
1016	143
1016	144
1016	145
1016	146
1016	147
1016	148
1016	149
1016	150
1016	151
1016	152
1016	153
1016	154
1016	155
1018	26
1018	30
1018	40
1018	41
1018	49
1018	52
1018	55
1018	60
1018	62
1018	76
1018	78
1018	82
1018	86
1018	110
1018	116
1018	121
1018	139
1018	140
1018	144
1018	145
1018	147
1018	149
1018	150
1018	157
1018	158
1018	166
1018	168
1018	169
1018	170
1018	171
1018	172
1018	173
1018	186
1018	187
1018	192
1018	193
1018	194
1018	196
1018	202
1018	203
1018	207
1018	208
1018	220
1018	230
1018	231
1018	233
1018	235
1018	236
1018	240
1018	242
1018	247
1018	252
1018	256
1018	257
1018	263
1018	265
1018	272
1018	283
1018	289
1018	290
1018	293
1018	295
1018	298
1018	299
1018	302
1018	306
1018	307
1018	308
1018	311
1018	312
1018	317
1018	326
1018	333
1018	345
1018	351
1018	352
1018	353
1018	356
1018	359
1018	363
1018	369
1018	398
1018	405
1018	406
1018	407
1018	408
1018	409
1018	410
1018	421
1018	425
1018	447
1018	450
1018	457
1018	458
1018	459
1018	460
1018	461
1018	462
1018	463
1018	465
1018	466
1018	467
1018	468
1018	472
1018	478
1018	479
1018	480
1018	481
1018	482
1018	483
1018	484
1018	485
1018	486
1018	487
1018	488
1018	489
1018	490
1018	491
1018	493
1018	494
1018	495
1018	496
1018	497
1018	498
1018	499
1018	500
1018	501
1018	502
1018	503
1018	504
1018	505
1018	506
1018	508
1018	509
1018	510
1018	511
1018	512
1018	513
1018	514
1018	515
1018	516
1018	517
1018	518
1018	519
1018	520
1018	521
1018	522
1018	523
1018	524
1018	525
1018	526
1018	530
1018	531
1018	533
1018	536
1018	537
1018	538
1018	540
1018	541
1018	542
1018	543
1018	545
1018	546
1018	547
1018	548
1018	549
1018	550
1018	551
1018	552
1018	553
1018	554
1018	555
1018	556
1018	557
1018	558
1018	559
1018	560
1018	561
1018	562
1018	563
1018	564
1019	0
1019	1
1019	2
1019	3
1019	4
1019	5
1019	6
1019	7
1019	8
1019	9
1019	10
1019	11
1019	12
1019	13
1019	14
1019	15
1019	16
1019	17
1019	18
1019	19
1019	20
1020	50
1020	58
1020	63
1020	82
1020	100
1020	226
1020	227
1020	228
1020	230
1020	233
1020	237
1020	251
1020	264
1020	293
1020	296
1021	0
1021	1
1021	2
1021	3
1021	4
1021	5
1021	6
1021	7
1021	8
1021	9
1021	10
1021	11
1021	12
1021	13
1021	14
1021	15
1021	16
1021	17
1021	18
1021	19
1021	20
1021	21
1021	22
1021	23
1021	24
1021	25
1021	26
1021	27
1021	28
1021	29
1021	30
1021	31
1021	32
1021	33
1021	34
1021	35
1021	36
1021	37
1021	38
1021	39
1021	40
1021	41
1021	42
1021	43
1021	44
1021	45
1021	46
1021	47
1021	48
1021	49
1021	50
1021	51
1021	52
1021	53
1021	54
1021	55
1021	56
1021	57
1021	58
1021	59
1021	60
1021	61
1021	62
1021	63
1021	64
1021	65
1021	66
1021	67
1021	68
1021	69
1021	70
1021	71
1021	72
1021	73
1025	1
1025	2
1025	3
1025	13
1025	14
1025	15
1025	16
1025	17
1025	19
1025	21
1025	22
1025	36
1025	38
1025	39
1025	41
1025	44
1025	50
1025	55
1025	56
1025	57
1025	58
1025	71
1025	73
1025	75
1025	76
1025	77
1025	78
1025	80
1025	82
1025	84
1025	85
1025	89
1025	90
1025	98
1025	99
1025	100
1025	102
1025	107
1025	108
1025	109
1025	110
1025	111
1025	112
1025	113
1025	114
1025	115
1025	116
1025	117
1025	118
1025	119
1025	120
1025	123
1025	126
1025	129
1025	130
1025	131
1025	132
1025	133
1025	134
1025	135
1025	136
1025	137
1025	142
1025	143
1026	1
1026	2
1026	3
1026	4
1026	5
1026	6
1026	7
1026	8
1026	9
1026	10
1026	11
1026	12
1026	13
1026	14
1026	15
1026	16
1026	17
1026	18
1026	19
1026	20
1026	21
1026	22
1026	23
1026	24
1026	25
1026	26
1026	27
1026	28
1026	29
1026	30
1026	31
1026	32
1026	33
1026	34
1026	35
1026	36
1026	37
1026	38
1026	39
1026	40
1026	41
1026	42
1026	43
1026	44
1026	45
1026	46
1026	47
1026	48
1026	49
1026	50
1026	51
1026	52
1026	53
1026	54
1026	55
1026	56
1026	57
1026	58
1026	59
1026	60
1026	61
1026	62
1026	63
1026	64
1026	65
1026	66
1026	67
1026	68
1026	69
1026	70
1026	71
1026	72
1026	73
1026	74
1026	75
1026	76
1026	77
1026	78
1026	79
1026	80
1026	81
1026	82
1026	83
1026	84
1026	85
1026	86
1026	87
1026	88
1026	89
1026	90
1026	91
1026	92
1026	93
1026	94
1026	95
1026	96
1026	97
1026	98
1026	99
1026	100
1026	101
1026	102
1026	103
1026	104
1026	105
1026	106
1026	107
1026	108
1026	109
1026	110
1026	111
1026	112
1026	113
1026	114
1026	115
1026	116
1026	117
1026	118
1026	119
1026	120
1026	121
1026	122
1026	123
1026	124
1026	125
1026	126
1026	127
1026	128
1026	129
1026	130
1026	131
1026	132
1026	133
1026	134
1026	135
1026	136
1026	137
1026	138
1026	139
1026	140
1026	141
1026	142
1026	143
1026	144
1030	0
1030	1
1030	2
1030	3
1030	4
1030	5
1030	6
1030	7
1030	8
1030	9
1030	10
1030	11
1030	12
1030	13
1030	14
1030	15
1030	16
1030	17
1030	18
1030	19
1030	20
1030	21
1030	22
1030	23
1032	1
1032	2
1032	3
1032	4
1032	5
1032	6
1032	7
1032	8
1032	9
1032	10
1032	11
1032	12
1032	13
1032	14
1032	15
1032	16
1032	17
1032	18
1032	19
1032	20
1032	21
1032	22
1032	23
1032	24
1032	25
1032	26
1032	27
1032	28
1032	29
1032	30
1032	31
1032	32
1032	33
1032	34
1032	35
1032	36
1032	37
1032	38
1032	39
1032	40
1032	41
1032	42
1032	43
1032	44
1032	45
1032	46
1032	47
1032	48
1032	49
1032	50
1032	51
1032	52
1032	53
1032	54
1032	55
1032	56
1032	57
1032	58
1032	59
1032	60
1032	61
1032	62
1032	63
1032	64
1032	65
1032	66
1032	67
1032	68
1032	69
1032	70
1032	71
1032	72
1032	73
1032	74
1032	75
1032	76
1032	77
1032	78
1032	79
1032	80
1032	81
1032	82
1032	83
1032	84
1032	85
1032	86
1032	87
1032	88
1032	89
1032	90
1032	91
1032	92
1032	93
1032	94
1032	95
1032	96
1032	97
1032	98
1032	99
1032	100
1032	101
1032	102
1032	103
1032	104
1032	105
1032	106
1032	107
1032	108
1032	109
1032	110
1032	111
1032	112
1032	113
1032	114
1032	115
1032	116
1032	117
1032	118
1032	119
1032	120
1032	121
1032	122
1032	123
1032	124
1032	125
1032	126
1032	127
1032	128
1032	129
1032	130
1032	131
1032	132
1032	133
1032	134
1032	135
1032	136
1032	137
1032	138
1032	139
1032	140
1032	141
1032	142
1032	143
1032	144
1032	145
1032	146
1032	147
1032	148
1032	149
1032	150
1032	151
1032	152
1032	153
1032	154
1032	155
1032	156
1032	157
1032	158
1032	159
1032	160
1032	161
1032	162
1032	163
1032	164
1032	165
1032	166
1033	3
1033	10
1033	23
1033	24
1033	28
1033	29
1033	44
1033	46
1033	48
1033	52
1033	61
1033	62
1033	65
1033	66
1033	67
1033	70
1033	71
1033	72
1033	73
1033	74
1033	79
1033	80
1033	89
1033	93
1033	94
1033	95
1033	100
1033	105
1033	106
1033	108
1033	109
1033	110
1033	111
1033	112
1033	113
1033	114
1033	115
1033	116
1033	117
1033	118
1033	119
1033	120
1033	121
1033	122
1033	123
1033	124
1033	125
1033	126
1033	128
1033	129
1033	130
1033	131
1033	132
1033	133
1033	134
1033	136
1033	137
1033	138
1034	1
1034	2
1034	3
1034	4
1034	5
1034	6
1034	7
1034	8
1034	9
1034	10
1034	11
1034	12
1034	13
1034	14
1034	15
1034	16
1034	17
1034	18
1034	19
1034	20
1034	30
1034	31
1034	32
1034	79
1034	80
1034	81
1034	83
1034	87
1034	88
1035	1
1035	2
1035	3
1035	4
1035	5
1035	6
1035	7
1035	8
1035	9
1035	10
1035	11
1035	12
1035	13
1036	1
1036	2
1036	3
1036	4
1036	5
1036	6
1036	7
1036	8
1036	9
1036	10
1036	11
1036	12
1036	13
1036	14
1036	15
1036	16
1036	17
1036	18
1036	19
1036	20
1036	21
1036	22
1036	23
1036	24
1036	25
1036	26
1036	27
1036	28
1036	29
1036	30
1036	31
1036	32
1036	33
1036	34
1036	35
1036	36
1036	37
1036	38
1036	39
1036	40
1036	41
1036	42
1036	43
1036	44
1036	45
1036	46
1036	47
1036	48
1036	49
1036	50
1036	51
1036	52
1036	53
1036	54
1036	55
1036	56
1036	57
1036	58
1036	59
1036	60
1036	61
1036	62
1036	63
1036	64
1036	65
1036	66
1036	67
1036	68
1036	69
1036	70
1036	71
1036	72
1036	73
1036	74
1036	75
1036	76
1036	77
1036	78
1036	79
1036	80
1036	81
1036	82
1036	83
1036	84
1036	85
1036	86
1036	87
1036	88
1036	89
1036	90
1036	91
1036	92
1036	93
1036	94
1036	95
1036	96
1036	97
1036	98
1038	9
1038	13
1038	18
1038	28
1038	30
1038	49
1038	66
1038	78
1038	79
1038	102
1038	112
1038	122
1038	150
1038	157
1038	158
1038	163
1038	178
1038	188
1039	56
1039	59
1039	61
1039	66
1039	67
1039	69
1039	70
1039	71
1039	72
1039	73
1039	74
1039	75
1040	37
1040	67
1040	78
1041	1
1041	2
1041	3
1041	4
1041	5
1041	6
1041	7
1041	8
1041	9
1041	10
1041	11
1041	12
1041	13
1041	14
1041	15
1041	16
1041	17
1041	18
1041	19
1041	20
1041	21
1041	22
1041	23
1041	24
1041	25
1042	12
1042	16
1042	18
1042	19
1042	22
1042	23
1042	24
1042	25
1042	27
1042	28
1042	31
1042	32
1042	33
1042	34
1042	35
1042	36
1042	37
1042	38
1042	39
1042	40
1042	41
1042	42
1042	44
1042	45
1042	46
1042	47
1042	48
1042	49
1042	50
1042	51
1042	52
1042	53
1042	54
1042	55
1042	56
1042	57
1042	58
1042	60
1042	61
1042	63
1042	64
1042	66
1042	68
1042	69
1042	70
1042	71
1042	72
1042	73
1042	74
1042	75
1042	76
1042	77
1042	78
1042	79
1042	80
1042	81
1042	82
1042	83
1042	84
1042	85
1042	88
1042	89
1042	91
1042	92
1042	93
1042	98
1042	100
1042	102
1042	103
1042	105
1042	106
1042	108
1042	110
1042	111
1042	113
1042	114
1042	115
1042	116
1042	117
1042	118
1042	121
1042	122
1042	123
1042	125
1042	127
1042	128
1042	129
1042	130
1042	131
1042	132
1042	133
1042	134
1042	135
1042	136
1042	137
1042	139
1042	140
1042	141
1042	142
1042	143
1042	144
1042	145
1042	147
1042	148
1042	149
1042	153
1042	154
1042	155
1042	157
1042	158
1042	159
1042	160
1042	162
1042	163
1042	164
1042	166
1042	167
1042	170
1042	171
1042	172
1042	173
1042	174
1042	175
1042	176
1042	177
1042	178
1042	179
1042	180
1042	181
1042	182
1042	183
1042	184
1042	185
1042	186
1042	187
1042	188
1042	189
1042	190
1042	191
1042	192
1042	193
1042	195
1042	196
1042	197
1042	198
1042	199
1042	200
1042	201
1042	202
1042	204
1042	205
1042	206
1042	207
1042	208
1042	212
1042	213
1042	215
1042	216
1042	217
1042	219
1042	220
1042	221
1042	222
1042	223
1042	224
1042	225
1042	226
1042	227
1042	230
1042	231
1042	232
1042	233
1042	234
1042	235
1042	237
1042	238
1042	239
1042	240
1042	241
1042	242
1042	244
1042	245
1042	246
1042	247
1042	248
1042	249
1042	250
1042	251
1042	253
1042	255
1042	256
1042	257
1042	258
1042	259
1042	260
1042	261
1042	262
1042	264
1042	265
1042	266
1042	267
1042	268
1042	269
1042	270
1042	271
1042	273
1042	276
1042	278
1042	279
1042	281
1042	282
1042	283
1042	284
1042	285
1042	287
1042	288
1042	289
1042	290
1042	291
1042	293
1042	295
1042	296
1042	297
1042	298
1042	299
1042	300
1042	301
1042	302
1042	304
1042	306
1042	307
1042	308
1042	309
1042	310
1042	311
1042	312
1042	315
1042	316
1042	317
1042	318
1042	320
1042	322
1042	323
1042	324
1042	325
1042	327
1042	330
1042	331
1042	333
1042	335
1042	336
1042	337
1042	338
1042	339
1042	340
1042	342
1042	343
1042	344
1042	345
1042	347
1042	348
1042	349
1042	350
1042	351
1042	352
1042	353
1042	354
1042	355
1042	356
1042	359
1042	360
1042	361
1042	363
1042	364
1042	365
1042	366
1042	367
1042	368
1042	370
1042	371
1042	372
1042	373
1042	374
1042	375
1042	376
1042	377
1042	378
1042	379
1042	380
1042	382
1042	383
1042	384
1042	385
1042	386
1042	387
1042	388
1042	389
1042	391
1042	392
1042	393
1042	394
1042	395
1042	396
1042	397
1042	398
1042	399
1042	400
1042	401
1042	403
1042	404
1042	405
1042	408
1042	409
1042	410
1042	412
1042	413
1042	414
1042	416
1042	417
1042	419
1042	421
1042	422
1042	423
1042	424
1042	425
1042	426
1042	427
1042	428
1042	429
1042	430
1042	431
1042	432
1042	433
1042	434
1042	435
1042	436
1042	437
1042	438
1042	439
1042	442
1042	443
1042	444
1042	445
1042	446
1042	447
1042	448
1042	450
1042	451
1042	453
1042	454
1042	455
1042	456
1042	457
1042	458
1042	459
1042	460
1042	461
1042	462
1042	463
1042	464
1042	465
1042	466
1042	467
1042	468
1042	470
1042	472
1042	473
1042	474
1042	475
1042	476
1042	477
1042	478
1042	479
1042	480
1042	482
1042	483
1042	484
1042	485
1042	486
1042	487
1042	488
1042	489
1042	490
1042	491
1042	492
1042	493
1042	494
1042	495
1042	496
1042	497
1042	498
1042	499
1042	500
1042	501
1042	502
1042	503
1042	504
1042	505
1042	506
1042	507
1042	508
1042	509
1042	510
1042	511
1042	512
1042	513
1042	514
1042	516
1042	517
1042	518
1042	519
1042	520
1042	521
1042	522
1042	523
1042	524
1042	526
1042	527
1042	528
1042	529
1042	530
1042	531
1042	532
1042	534
1042	535
1042	536
1042	537
1042	538
1042	539
1042	544
1042	545
1042	546
1042	547
1042	549
1042	550
1042	551
1042	554
1042	555
1042	556
1042	557
1042	558
1042	559
1042	560
1042	561
1042	562
1042	563
1042	564
1042	565
1042	566
1042	567
1042	568
1042	570
1042	571
1042	572
1042	573
1042	574
1042	576
1042	577
1042	578
1042	579
1042	580
1042	581
1042	583
1042	584
1042	585
1042	586
1042	587
1042	588
1042	589
1042	590
1042	591
1042	592
1042	594
1042	595
1042	596
1042	597
1042	598
1042	600
1042	601
1042	602
1042	603
1042	604
1042	605
1042	606
1042	607
1042	608
1042	609
1042	610
1042	611
1042	612
1042	613
1042	614
1042	615
1042	616
1042	617
1042	618
1042	619
1042	620
1042	621
1042	622
1042	623
1042	625
1042	626
1042	627
1042	628
1042	629
1042	630
1042	631
1042	632
1042	633
1042	634
1042	635
1042	636
1042	637
1042	638
1042	639
1042	641
1042	643
1042	644
1042	645
1042	646
1042	647
1042	649
1042	650
1042	651
1042	652
1042	653
1042	656
1042	657
1042	658
1042	659
1042	660
1042	661
1042	662
1042	663
1042	664
1042	665
1042	667
1042	668
1042	669
1042	670
1042	671
1042	672
1042	673
1042	674
1042	675
1042	676
1042	677
1042	678
1042	679
1042	680
1042	681
1042	682
1042	683
1042	684
1042	685
1042	686
1042	687
1042	688
1042	689
1042	690
1042	691
1042	692
1042	693
1042	694
1042	696
1042	697
1042	698
1042	699
1042	700
1042	702
1042	703
1042	704
1042	705
1042	706
1042	708
1042	709
1042	710
1042	711
1042	712
1042	713
1042	714
1042	715
1042	716
1042	717
1042	718
1042	719
1042	720
1042	721
1042	722
1042	723
1042	724
1042	725
1042	726
1042	727
1042	728
1042	729
1042	730
1042	731
1042	732
1042	733
1042	734
1042	735
1042	736
1042	737
1042	738
1042	739
1042	740
1042	741
1042	742
1042	743
1042	744
1042	745
1042	746
1042	747
1042	748
1042	749
1042	750
1042	751
1042	752
1042	753
1042	754
1042	755
1042	756
1042	757
1042	758
1042	759
1042	760
1042	761
1042	762
1042	763
1042	764
1042	765
1042	766
1042	767
1042	768
1042	769
1042	770
1042	772
1042	773
1042	774
1042	775
1042	776
1042	777
1042	779
1042	780
1042	781
1042	782
1042	783
1042	784
1042	785
1042	786
1042	787
1042	788
1042	789
1042	790
1042	791
1042	792
1042	793
1042	794
1042	795
1042	796
1042	797
1042	798
1042	799
1042	800
1042	801
1042	802
1042	803
1042	804
1042	805
1042	806
1042	807
1042	808
1042	809
1042	810
1042	811
1042	812
1042	813
1042	814
1043	1
1043	2
1043	3
1043	4
1043	5
1043	6
1043	7
1043	8
1043	9
1043	11
1043	12
1043	14
1043	15
1043	16
1043	17
1043	18
1043	19
1043	20
1043	21
1043	22
1043	26
1043	27
1043	28
1043	29
1043	30
1044	68
1044	69
1044	70
1044	72
1044	73
1044	76
1044	77
1044	78
1044	79
1044	80
1044	81
1044	82
1044	84
1044	85
1044	86
1044	98
1045	1
1045	2
1045	3
1045	4
1045	5
1045	6
1045	7
1045	8
1045	9
1045	10
1045	11
1045	12
1045	13
1045	14
1045	15
1045	16
1045	17
1045	18
1045	19
1045	20
1045	21
1045	22
1045	23
1045	24
1045	25
1045	26
1045	27
1045	28
1045	29
1045	30
1045	31
1045	32
1045	33
1045	34
1045	35
1045	36
1045	37
1045	38
1045	39
1045	40
1045	41
1045	42
1045	43
1045	44
1045	45
1045	46
1045	47
1045	48
1045	49
1045	50
1045	51
1045	52
1045	53
1046	14
1046	43
1046	80
1047	1
1047	2
1047	3
1047	4
1047	5
1047	6
1047	7
1047	8
1047	9
1047	10
1047	11
1047	12
1047	13
1047	14
1047	15
1047	16
1047	17
1047	18
1047	19
1047	20
1047	21
1047	22
1047	23
1047	24
1047	25
1047	26
1047	27
1047	28
1047	29
1047	30
1047	31
1047	32
1047	33
1047	34
1047	35
1047	36
1047	37
1047	38
1047	39
1047	40
1047	41
1047	42
1047	43
1047	44
1047	45
1047	46
1047	47
1047	48
1047	49
1047	50
1047	51
1047	52
1047	53
1047	54
1047	55
1047	56
1047	57
1047	58
1047	59
1047	60
1047	61
1047	62
1047	63
1047	64
1047	65
1047	66
1047	67
1047	68
1047	69
1047	70
1047	71
1047	72
1047	73
1047	74
1047	75
1047	76
1047	77
1047	78
1047	79
1047	80
1047	81
1047	82
1047	83
1047	84
1047	85
1047	86
1047	87
1047	88
1047	89
1047	90
1047	91
1047	92
1047	93
1047	94
1047	95
1047	96
1047	97
1047	98
1047	99
1047	100
1047	101
1047	102
1047	103
1047	104
1047	105
1047	106
1047	107
1047	108
1047	109
1047	110
1047	111
1047	112
1047	113
1047	114
1047	115
1047	116
1047	117
1047	118
1047	119
1047	120
1047	121
1047	122
1047	123
1047	124
1047	125
1047	126
1047	127
1047	128
1047	129
1047	130
1047	131
1047	132
1047	133
1047	134
1047	135
1047	136
1047	137
1047	138
1047	139
1047	140
1047	141
1047	142
1047	143
1047	144
1047	145
1047	146
1047	147
1047	148
1047	149
1047	150
1047	151
1047	152
1047	153
1047	154
1047	155
1047	156
1047	157
1047	158
1047	159
1047	160
1047	161
1047	162
1047	163
1047	164
1047	165
1047	166
1047	167
1048	1
1048	2
1048	3
1048	4
1048	5
1048	6
1048	7
1048	8
1048	9
1048	10
1048	11
1048	12
1048	13
1048	14
1048	15
1048	16
1048	17
1048	18
1048	19
1048	20
1048	21
1048	22
1048	23
1048	24
1048	25
1048	26
1048	27
1048	28
1048	29
1048	30
1048	31
1048	32
1048	33
1048	34
1048	35
1048	36
1048	37
1048	38
1048	39
1048	40
1048	41
1048	42
1048	43
1048	44
1048	45
1048	46
1048	47
1048	48
1048	49
1048	50
1048	51
1048	52
1048	53
1048	54
1048	55
1048	56
1048	57
1048	58
1048	59
1048	60
1048	61
1048	62
1048	63
1048	64
1048	65
1048	66
1048	67
1048	68
1048	69
1048	70
1048	71
1048	72
1048	73
1048	74
1048	75
1048	76
1049	1
1049	2
1049	3
1049	4
1049	5
1050	1
1050	2
1050	3
1050	4
1050	5
1050	6
1050	7
1050	8
1050	9
1050	10
1050	11
1050	12
1050	13
1050	14
1050	15
1050	16
1050	17
1050	18
1050	19
1050	20
1050	21
1050	22
1050	23
1050	24
1050	25
1050	26
1050	27
1050	28
1050	29
1050	30
1050	31
1050	32
1050	33
1050	34
1050	35
1050	36
1050	37
1050	38
1050	39
1050	40
1050	41
1050	42
1050	43
1050	44
1050	45
1050	46
1050	47
1050	48
1050	49
1050	50
1050	51
1050	52
1050	53
1050	54
1050	55
1050	56
1050	57
1050	58
1050	59
1050	60
1050	61
1050	62
1050	63
1050	64
1050	65
1050	66
1050	67
1050	68
1050	69
1050	70
1050	71
1050	72
1050	73
1050	74
1050	75
1050	76
1054	1
1054	2
1054	3
1054	4
1054	5
1054	6
1054	7
1054	8
1054	9
1054	10
1054	11
1054	12
1054	13
1054	14
1054	15
1054	16
1054	17
1054	18
1054	19
1054	20
1054	21
1054	22
1054	23
1054	24
1054	25
1054	26
1054	27
1054	28
1054	29
1054	30
1054	31
1054	32
1054	33
1054	34
1054	35
1054	36
1054	37
1054	38
1054	39
1054	40
1054	41
1054	42
1054	43
1054	44
1054	45
1054	46
1054	47
1054	48
1054	49
1056	1
1056	2
1056	3
1056	4
1056	5
1056	6
1056	7
1056	8
1056	9
1056	10
1056	11
1056	12
1056	13
1056	14
1056	15
1056	16
1056	17
1056	18
1056	19
1056	20
1056	21
1056	22
1056	23
1056	24
1056	25
1056	26
1056	27
1056	28
1056	29
1056	30
1056	31
1056	32
1056	33
1056	34
1056	35
1056	36
1056	37
1056	38
1056	39
1056	40
1057	1
1057	2
1057	3
1057	4
1057	5
1057	6
1057	7
1057	8
1057	9
1057	10
1057	11
1057	12
1057	13
1057	14
1057	15
1057	16
1057	17
1057	18
1057	19
1057	20
1057	21
1057	22
1057	23
1057	24
1057	25
1057	26
1057	27
1057	28
1057	29
1057	30
1057	31
1057	32
1057	33
1057	34
1057	35
1057	36
1057	37
1057	38
1057	39
1057	40
1057	41
1057	42
1057	43
1057	44
1057	45
1057	46
1057	47
1057	48
1057	49
1057	50
1057	51
1057	52
1057	53
1057	54
1057	55
1057	56
1057	57
1057	58
1057	59
1057	60
1057	61
1057	62
1057	63
1057	64
1057	65
1057	66
1057	67
1057	68
1057	69
1057	70
1057	71
1057	72
1057	73
1057	74
1057	75
1057	76
1057	77
1057	78
1057	79
1057	80
1057	81
1057	82
1057	83
1057	84
1057	85
1057	86
1057	87
1057	88
1057	89
1057	90
1057	91
1057	92
1057	93
1057	94
1057	95
1057	96
1057	97
1057	98
1057	99
1057	100
1057	101
1057	102
1057	103
1057	104
1057	105
1057	106
1057	107
1057	108
1057	109
1057	110
1057	111
1057	112
1057	113
1057	114
1057	115
1057	116
1057	117
1057	118
1057	119
1057	120
1057	121
1057	122
1057	123
1057	124
1057	125
1057	126
1057	127
1057	128
1058	2
1058	18
1058	27
1058	30
1058	40
1058	49
1058	53
1058	55
1058	56
1058	58
1058	61
1058	62
1058	71
1058	76
1058	78
1058	79
1058	81
1058	83
1058	86
1058	107
1058	109
1058	111
1058	112
1058	115
1058	116
1058	117
1058	125
1058	126
1058	127
1058	128
1058	129
1058	130
1058	131
1058	132
1058	140
1058	142
1058	143
1058	144
1058	146
1058	147
1058	148
1058	149
1058	150
1058	151
1058	152
1058	153
1058	154
1058	155
1058	157
1058	158
1058	159
1058	160
1058	161
1058	171
1058	179
1058	181
1058	182
1058	184
1058	186
1058	188
1058	189
1058	190
1058	191
1058	192
1059	1
1059	2
1059	3
1059	4
1059	5
1059	6
1059	7
1059	8
1059	9
1059	10
1059	11
1059	12
1059	13
1059	14
1059	15
1059	16
1059	17
1059	18
1059	19
1059	20
1059	21
1059	22
1059	23
1059	24
1059	25
1059	26
1059	27
1059	28
1059	29
1059	30
1059	31
1059	32
1059	33
1059	34
1059	35
1059	36
1059	37
1059	38
1059	39
1059	40
1059	41
1059	42
1059	43
1059	44
1059	45
1059	46
1059	47
1059	48
1059	49
1059	50
1059	51
1059	52
1059	53
1059	54
1059	55
1059	56
1059	57
1059	58
1059	59
1059	60
1059	61
1059	62
1059	63
1059	64
1059	65
1059	66
1059	67
1059	68
1059	69
1059	70
1059	71
1059	72
1059	73
1059	74
1059	75
1059	76
1059	77
1059	78
1059	79
1059	80
1059	81
1059	82
1059	83
1059	84
1059	85
1059	86
1059	87
1059	88
1059	89
1059	90
1059	91
1059	92
1059	93
1059	94
1059	95
1059	96
1059	97
1059	98
1059	99
1059	100
1059	101
1059	102
1059	103
1059	104
1059	105
1059	106
1060	1
1060	2
1060	3
1060	4
1060	5
1060	6
1060	7
1060	8
1060	9
1060	10
1060	11
1060	12
1060	13
1060	14
1060	15
1060	16
1060	17
1060	18
1060	19
1060	20
1060	21
1060	22
1060	23
1060	24
1060	25
1060	26
1060	27
1060	28
1060	29
1060	30
1060	31
1060	32
1060	33
1060	34
1060	35
1060	36
1060	37
1060	38
1060	39
1060	40
1060	41
1060	42
1060	43
1060	44
1060	45
1060	46
1060	47
1060	48
1060	49
1060	50
1060	51
1060	52
1060	53
1060	54
1060	55
1060	56
1060	57
1060	58
1060	59
1060	60
1060	61
1060	62
1060	63
1060	64
1060	65
1060	66
1060	67
1060	68
1060	69
1060	70
1060	71
1060	72
1060	73
1060	74
1060	75
1060	76
1060	77
1060	78
1060	79
1060	80
1060	81
1060	82
1060	83
1060	84
1060	85
1060	86
1060	87
1060	88
1060	89
1060	90
1060	91
1060	92
1060	93
1060	94
1060	95
1060	96
1060	97
1060	98
1060	99
1060	100
1060	101
1060	102
1060	103
1060	104
1060	105
1060	106
1060	107
1060	108
1060	109
1060	110
1060	111
1060	112
1060	113
1060	114
1060	115
1060	116
1060	117
1060	118
1060	119
1062	1
1062	2
1062	3
1062	4
1062	5
1062	6
1062	7
1062	8
1062	9
1062	10
1062	11
1062	12
1062	13
1062	14
1062	15
1062	16
1062	17
1062	18
1062	19
1062	20
1062	21
1062	22
1062	23
1062	24
1062	25
1062	26
1062	27
1062	28
1062	29
1062	30
1062	31
1062	32
1062	33
1062	34
1062	35
1062	36
1062	37
1062	38
1062	39
1062	40
1062	41
1062	42
1062	43
1062	44
1062	45
1062	46
1062	47
1062	48
1062	49
1062	50
1062	51
1062	52
1062	53
1062	54
1062	55
1062	56
1062	57
1062	58
1062	59
1062	60
1062	61
1062	62
1062	63
1062	64
1062	65
1062	66
1062	67
1062	68
1062	69
1062	70
1062	71
1062	72
1062	73
1062	74
1062	75
1062	76
1062	77
1062	78
1062	79
1062	80
1062	81
1062	82
1062	83
1062	84
1062	85
1062	86
1062	87
1062	88
1062	89
1062	90
1062	91
1062	92
1062	93
1062	94
1062	95
1062	96
1062	97
1062	98
1062	99
1062	100
1062	101
1062	102
1062	103
1062	104
1062	105
1062	106
1062	107
1062	108
1062	109
1062	110
1062	111
1062	112
1062	113
1062	114
1062	115
1062	116
1062	117
1062	118
1062	119
1062	120
1062	121
1062	122
1062	123
1064	1
1064	2
1064	3
1064	4
1064	5
1064	6
1064	7
1064	8
1064	9
1064	10
1064	11
1064	12
1064	13
1064	14
1064	15
1064	16
1064	17
1064	18
1064	19
1064	20
1064	21
1064	22
1064	23
1064	24
1064	25
1064	26
1064	27
1064	28
1064	29
1064	30
1064	31
1064	32
1064	33
1064	34
1065	42
1065	43
1065	44
1065	45
1065	46
1065	47
1065	48
1065	49
1065	50
1065	51
1065	52
1065	53
1065	54
1065	55
1065	56
1065	57
1065	58
1065	59
1065	60
1065	61
1065	62
1065	63
1066	1
1066	2
1066	3
1066	4
1066	5
1066	6
1066	7
1066	8
1066	9
1066	10
1066	11
1066	12
1066	13
1066	14
1066	15
1066	16
1066	17
1066	18
1066	19
1066	20
1066	21
1066	22
1066	23
1066	24
1066	25
1066	26
1066	27
1066	28
1066	29
1066	30
1066	31
1066	32
1066	33
1066	34
1066	35
1066	36
1066	37
1066	38
1066	39
1066	40
1066	41
1066	42
1066	43
1066	44
1066	45
1066	46
1066	47
1066	48
1066	49
1066	50
1066	51
1066	52
1066	53
1066	54
1066	55
1066	56
1066	57
1066	58
1066	59
1066	60
1066	61
1066	62
1066	63
1066	64
1066	65
1066	66
1067	1
1067	2
1067	3
1067	4
1067	5
1067	6
1067	7
1067	8
1067	9
1067	10
1067	11
1067	12
1067	13
1067	14
1067	16
1067	18
1067	19
1067	22
1067	25
1067	26
1067	28
1067	32
1067	34
1067	35
1067	38
1067	39
1067	43
1067	44
1067	45
1067	46
1067	49
1067	51
1067	52
1067	54
1067	55
1067	56
1067	59
1067	60
1067	61
1067	62
1067	65
1067	66
1067	69
1067	70
1067	71
1067	72
1067	75
1067	76
1067	78
1067	80
1067	82
1067	84
1067	86
1067	88
1067	89
1067	91
1067	92
1067	94
1067	96
1067	100
1067	103
1067	109
1067	114
1067	117
1067	124
1067	127
1067	131
1067	138
1067	139
1067	142
1067	149
1067	150
1067	152
1067	158
1067	163
1067	168
1067	170
1067	171
1067	172
1067	174
1067	215
1067	221
1067	241
1067	250
1067	257
1067	259
1067	262
1067	263
1067	266
1068	1
1068	2
1068	3
1068	4
1068	5
1068	6
1068	7
1068	8
1068	9
1068	10
1068	11
1068	12
1068	13
1068	14
1068	15
1068	16
1068	17
1068	18
1068	19
1068	20
1068	21
1068	22
1068	23
1068	24
1068	25
1068	26
1068	27
1068	28
1068	29
1068	30
1068	31
1068	32
1068	33
1068	34
1068	35
1068	36
1068	37
1068	38
1068	39
1068	40
1068	41
1068	42
1068	43
1068	44
1068	45
1068	46
1068	47
1068	48
1068	49
1068	50
1068	51
1068	52
1068	53
1068	54
1068	55
1068	56
1068	57
1068	58
1068	59
1068	60
1068	61
1068	62
1068	63
1068	64
1068	65
1068	66
1068	67
1068	68
1068	69
1068	70
1068	71
1068	72
1068	73
1068	74
1068	75
1068	76
1068	77
1068	78
1068	79
1068	81
1068	82
1068	83
1068	84
1068	85
1068	86
1068	87
1068	88
1068	89
1068	90
1068	91
1068	92
1068	93
1068	94
1068	95
1068	96
1068	97
1068	98
1068	99
1068	100
1068	101
1068	102
1068	103
1068	104
1068	105
1068	106
1068	107
1068	108
1068	109
1068	110
1068	111
1068	112
1068	113
1069	1
1069	2
1069	3
1069	4
1069	5
1069	6
1069	7
1069	8
1069	9
1069	10
1071	18
1071	32
1071	37
1072	11
1072	12
1072	14
1072	15
1072	17
1072	18
1072	19
1072	20
1072	21
1072	22
1073	1
1075	1
1075	2
1075	3
1075	4
1075	5
1075	6
1075	7
1075	8
1075	9
1075	10
1075	11
1075	12
1075	13
1075	14
1075	15
1075	16
1075	17
1075	18
1075	19
1075	20
1075	21
1075	22
1075	23
1075	24
1075	25
1075	26
1075	27
1075	28
1075	29
1075	30
1075	31
1075	32
1075	33
1075	34
1075	35
1075	36
1075	37
1075	38
1075	39
1075	40
1075	41
1077	1
1077	2
1077	3
1078	43
1078	44
1078	45
1078	46
1078	47
1078	48
1079	1
1079	2
1079	3
1079	4
1079	5
1079	6
1079	7
1079	8
1079	9
1079	10
1079	11
1079	12
1079	13
1079	14
1079	15
1079	16
1079	17
1079	18
1079	19
1079	20
1079	21
1079	22
1079	23
1079	24
1079	25
1079	26
1079	27
1079	28
1079	29
1079	30
1079	31
1079	32
1079	33
1079	34
1079	35
1079	36
1079	37
1079	38
1079	39
1079	40
1079	41
1079	42
1079	43
1079	44
1079	45
1079	46
1079	47
1079	48
1079	49
1079	50
1079	51
1079	52
1079	53
1079	54
1079	55
1079	56
1079	57
1079	58
1079	59
1079	60
1079	61
1079	62
1079	63
1079	64
1079	65
1079	66
1079	67
1079	68
1079	69
1079	70
1079	71
1079	72
1079	73
1079	74
1079	75
1081	1
1081	2
1081	3
1081	4
1081	5
1081	6
1081	7
1081	8
1081	9
1081	10
1081	11
1081	12
1081	13
1081	14
1081	15
1081	16
1081	17
1081	18
1081	19
1081	20
1081	21
1081	22
1081	23
1081	24
1081	25
1081	26
1081	27
1081	28
1081	29
1081	30
1081	31
1081	32
1081	33
1081	34
1081	35
1081	36
1081	37
1081	38
1081	39
1081	40
1081	41
1081	42
1081	43
1081	44
1081	45
1081	46
1081	47
1081	48
1081	49
1081	50
1081	51
1081	52
1081	53
1081	54
1081	55
1081	56
1081	57
1081	58
1081	59
1081	60
1081	61
1081	62
1081	63
1081	64
1081	65
1081	66
1081	67
1081	68
1081	69
1081	70
1081	71
1081	72
1081	73
1081	74
1081	75
1081	76
1081	77
1081	78
1081	79
1081	80
1081	81
1081	82
1081	83
1081	84
1081	85
1081	86
1081	87
1081	88
1081	89
1081	90
1081	91
1081	92
1081	93
1081	94
1081	95
1081	96
1081	97
1081	98
1081	99
1081	100
1081	101
1081	102
1081	103
1081	104
1081	105
1081	106
1081	107
1081	108
1081	109
1081	110
1081	111
1081	112
1081	113
1081	114
1081	115
1081	116
1081	117
1081	118
1081	119
1081	120
1081	121
1082	1
1082	2
1082	3
1082	4
1082	5
1082	6
1082	7
1082	8
1082	9
1082	10
1082	11
1082	12
1082	13
1082	14
1082	15
1082	16
1082	17
1082	18
1082	19
1082	20
1082	21
1082	22
1082	23
1082	24
1082	25
1082	26
1082	27
1082	28
1082	29
1082	30
1082	31
1082	32
1082	33
1082	34
1082	35
1082	36
1082	37
1082	38
1082	39
1082	40
1082	41
1082	42
1082	43
1082	44
1082	45
1082	46
1082	47
1082	48
1082	49
1082	50
1082	51
1082	52
1082	53
1082	54
1082	55
1082	56
1082	57
1082	58
1082	59
1082	60
1082	61
1082	62
1082	63
1082	64
1082	65
1082	66
1082	67
1082	68
1082	69
1082	70
1082	71
1082	75
1082	76
1082	77
1082	78
1082	79
1082	80
1082	81
1082	82
1082	83
1082	84
1082	85
1082	86
1082	87
1082	88
1082	89
1082	90
1082	91
1082	92
1082	93
1082	94
1082	95
1082	96
1082	97
1082	98
1082	99
1082	100
1082	101
1082	102
1082	103
1082	104
1082	105
1082	106
1082	107
1082	108
1082	109
1082	110
1082	111
1082	112
1082	113
1082	114
1082	115
1082	116
1082	117
1083	52
1083	53
1083	54
1083	55
1083	56
1083	57
1083	58
1083	59
1083	60
1083	61
1083	62
1084	1
1084	2
1084	3
1084	4
1084	5
1084	6
1084	7
1084	8
1084	9
1084	10
1084	11
1084	12
1084	13
1084	14
1084	15
1084	16
1084	17
1084	18
1084	19
1084	20
1084	21
1084	22
1084	23
1084	24
1084	25
1084	26
1084	27
1084	28
1084	29
1084	30
1084	31
1084	32
1084	33
1084	34
1084	35
1084	36
1084	37
1084	38
1084	39
1084	40
1084	41
1084	42
1085	57
1085	58
1085	59
1085	60
1085	61
1085	62
1085	63
1085	64
1085	65
1085	66
1085	67
1086	0
1088	0
1088	1
1088	2
1088	3
1088	4
1088	5
1088	6
1088	7
1088	8
1088	9
1088	10
1088	11
1088	12
1088	13
1088	14
1088	15
1088	16
1088	17
1088	18
1088	19
1088	20
1088	21
1088	22
1088	23
1088	24
1088	25
1088	26
1088	27
1088	28
1088	29
1088	30
1088	31
1088	32
1088	33
1088	34
1088	35
1088	36
1088	37
1088	38
1088	39
1088	40
1088	41
1088	42
1088	43
1088	52
1088	53
1089	1
1089	2
1089	3
1089	4
1089	5
1089	6
1089	7
1089	8
1089	9
1089	10
1089	11
1089	12
1089	13
1089	14
1089	15
1089	16
1089	17
1089	18
1089	19
1089	20
1089	21
1089	22
1089	23
1089	24
1089	25
1089	26
1089	27
1089	28
1089	29
1089	30
1089	31
1089	32
1089	33
1089	34
1089	35
1089	36
1089	37
1089	38
1089	39
1089	40
1089	41
1089	42
1089	43
1089	44
1089	45
1089	46
1089	47
1089	48
1089	49
1089	50
1089	51
1089	52
1089	53
1089	54
1089	55
1089	56
1089	57
1089	58
1089	59
1089	60
1089	61
1089	62
1089	63
1089	64
1089	65
1089	66
1089	67
1089	68
1089	69
1089	70
1089	71
1089	72
1089	73
1089	74
1089	75
1089	76
1089	77
1089	78
1089	79
1089	80
1089	81
1089	82
1089	83
1089	84
1089	85
1089	86
1089	87
1089	88
1089	89
1089	90
1091	1
1091	2
1091	3
1091	4
1091	5
1091	6
1091	7
1091	8
1091	9
1091	10
1091	11
1091	12
1091	13
1091	14
1091	15
1091	16
1091	17
1091	18
1091	19
1091	20
1091	21
1091	22
1091	23
1091	24
1091	25
1091	26
1091	27
1091	28
1091	29
1091	30
1091	31
1091	32
1091	33
1091	34
1091	35
1091	36
1091	37
1091	38
1091	39
1091	40
1091	41
1091	42
1091	43
1091	44
1091	45
1091	46
1091	47
1091	48
1091	49
1091	50
1091	51
1091	52
1091	53
1091	54
1091	55
1091	56
1091	57
1091	58
1091	59
1091	60
1091	61
1091	62
1091	63
1091	64
1091	65
1091	66
1091	67
1091	68
1091	69
1091	70
1091	71
1091	72
1091	73
1091	74
1091	75
1091	76
1091	77
1091	78
1091	79
1091	80
1091	81
1091	82
1091	83
1091	84
1091	85
1091	86
1092	0
1092	1
1092	2
1092	3
1092	4
1092	5
1092	6
1092	7
1092	8
1092	9
1092	10
1092	11
1092	12
1092	13
1092	14
1092	15
1092	16
1092	17
1092	18
1092	19
1092	20
1092	21
1092	22
1092	23
1092	24
1092	25
1092	26
1092	27
1092	28
1092	29
1092	30
1092	31
1092	32
1092	33
1092	34
1092	35
1092	36
1092	37
1092	38
1092	39
1092	40
1092	41
1092	42
1092	43
1092	44
1092	45
1092	46
1092	47
1092	48
1092	49
1092	50
1092	51
1094	1
1094	2
1094	3
1094	4
1096	1
1096	2
1096	3
1096	4
1096	5
1096	6
1096	10
1096	11
1096	12
1096	13
1096	14
1096	19
1096	20
1096	21
1096	22
1096	23
1096	26
1096	27
1096	28
1096	29
1096	30
1096	33
1096	34
1096	38
1096	40
1096	41
1096	43
1096	44
1096	45
1096	46
1096	47
1096	48
1096	49
1096	50
1096	61
1096	62
1096	86
1096	112
1096	160
1096	161
1096	162
1096	163
1096	165
1096	167
1096	168
1096	173
1096	187
1096	193
1096	196
1096	197
1096	222
1096	225
1096	229
1096	233
1096	234
1096	235
1096	236
1096	242
1096	243
1096	244
1096	245
1096	246
1096	247
1096	248
1096	249
1096	250
1096	251
1096	253
1096	255
1096	256
1096	257
1096	258
1096	259
1096	260
1096	261
1096	262
1096	263
1096	264
1096	265
1096	266
1096	267
1096	268
1096	269
1096	270
1096	271
1098	0
1098	1
1098	2
1098	3
1098	4
1098	5
1098	6
1098	7
1098	8
1098	9
1098	10
1098	11
1098	12
1098	13
1098	14
1098	15
1098	16
1098	17
1098	18
1098	19
1098	25
1098	26
1098	27
1102	1
1102	2
1102	3
1102	4
1102	6
1102	8
1102	9
1102	10
1102	11
1102	12
1102	13
1102	14
1102	16
1102	18
1102	19
1102	20
1102	21
1102	22
1102	23
1102	25
1102	26
1102	27
1102	28
1102	29
1102	30
1102	31
1102	32
1102	33
1102	34
1102	35
1102	36
1102	37
1102	38
1102	39
1102	40
1102	41
1102	42
1102	43
1102	44
1102	45
1102	46
1102	47
1102	48
1102	49
1102	50
1102	51
1102	52
1102	53
1102	54
1102	55
1102	56
1102	57
1102	58
1102	59
1102	60
1102	61
1102	62
1102	65
1102	66
1102	67
1102	69
1102	70
1102	71
1102	72
1102	73
1102	74
1102	75
1102	76
1102	77
1102	78
1102	79
1102	80
1102	81
1102	82
1102	83
1102	84
1102	85
1102	86
1102	87
1102	88
1102	89
1102	90
1102	91
1102	92
1102	93
1102	94
1102	95
1102	96
1102	97
1102	98
1102	99
1102	100
1102	101
1102	102
1102	104
1102	105
1102	106
1102	107
1102	108
1102	109
1102	110
1102	111
1102	112
1102	114
1102	116
1102	119
1102	121
1102	123
1102	124
1102	126
1102	127
1102	129
1102	130
1102	131
1102	132
1102	135
1102	136
1102	141
1102	142
1102	143
1102	145
1102	146
1102	148
1102	153
1102	154
1102	155
1102	156
1102	157
1102	158
1102	159
1102	162
1102	164
1102	165
1102	166
1102	169
1102	172
1102	174
1102	175
1102	176
1102	178
1102	179
1102	180
1102	181
1102	185
1102	187
1102	188
1102	189
1102	192
1102	194
1102	196
1102	197
1102	198
1102	199
1102	200
1102	201
1102	202
1102	203
1102	204
1102	205
1102	206
1102	207
1102	208
1102	210
1102	211
1102	212
1102	213
1102	214
1102	215
1102	216
1102	217
1102	218
1102	219
1102	220
1102	222
1102	223
1102	224
1102	225
1102	226
1102	229
1102	230
1102	231
1102	232
1102	233
1102	234
1102	235
1102	236
1102	237
1102	238
1102	239
1102	240
1102	241
1102	242
1102	243
1102	244
1102	245
1102	246
1102	247
1102	248
1102	254
1102	263
1102	265
1102	267
1102	268
1102	269
1102	270
1102	271
1102	272
1102	273
1102	276
1102	277
1102	278
1102	279
1102	280
1102	282
1102	285
1102	286
1102	289
1102	292
1102	293
1102	294
1102	295
1102	296
1102	297
1102	298
1102	301
1102	302
1102	303
1102	304
1102	305
1102	306
1102	307
1102	308
1102	309
1102	311
1102	315
1102	316
1102	317
1102	318
1102	319
1102	320
1102	321
1102	322
1102	323
1102	324
1102	325
1102	330
1102	332
1102	333
1102	334
1102	335
1102	336
1102	337
1102	338
1102	339
1102	341
1102	342
1102	343
1102	344
1102	345
1102	346
1102	347
1102	348
1102	349
1102	350
1102	351
1102	352
1102	353
1102	354
1102	355
1102	356
1102	357
1102	358
1102	359
1102	360
1102	361
1102	362
1102	363
1102	364
1102	365
1102	366
1102	367
1102	368
1102	369
1102	370
1102	372
1102	374
1102	375
1102	376
1102	379
1102	381
1102	383
1102	384
1102	385
1102	387
1102	388
1102	389
1102	391
1102	392
1102	393
1102	394
1102	395
1102	396
1102	397
1102	398
1102	399
1102	400
1102	402
1102	403
1102	404
1102	406
1102	407
1102	409
1102	410
1102	411
1102	412
1102	414
1102	415
1102	416
1102	417
1102	418
1102	420
1102	421
1102	423
1102	424
1102	425
1102	426
1102	427
1102	430
1102	432
1102	434
1102	435
1102	440
1102	441
1102	442
1102	446
1102	447
1102	448
1102	449
1102	451
1102	452
1102	454
1102	456
1102	457
1102	460
1102	461
1102	462
1102	463
1102	464
1102	465
1102	466
1102	467
1102	468
1102	469
1102	470
1102	471
1102	472
1102	473
1102	476
1102	480
1102	481
1102	482
1102	483
1102	484
1102	485
1102	486
1102	487
1102	488
1102	489
1102	490
1102	491
1102	494
1102	495
1102	496
1102	498
1102	500
1105	0
